1
10
1010
1013
1018
1028
1059
1064
1070
109
111
1138
1141
1163
117
1172
1183
1185
1191
1203
1205
121
1213
1214
1226
126
1263
1264
1273
1276
1277
1278
1279
1283
1284
1286
1287
1288
1306
1326
134
1344
1345
1347
1358
136
1361
140
1400
1409
141
1432
1438
1458
148
1488
1494
1503
1504
154
155
1557
156
158
1585
162
163
165
168
1774
178
1798
181
1815
1817
182
1825
183
1832
1833
1837
1845
1846
1847
1852
1869
187
1871
188
1887
1892
1894
19
1906
1917
192
1925
1932
1935
1938
1939
194
1946
1948
195
1950
1953
1955
197
1973
199
1991
20
200
2006
201
203
2045
2054
2057
207
2080
2084
2088
2095
2098
21
2104
2106
2109
2112
2115
2127
2128
2137
2144
2159
2160
2175
219
22
223
224
225
231
232
235
239
24
242
243
244
248
249
251
252
255
258
259
261
268
279
282
287
288
289
290
291
297
30
309
31
325
326
327
34
341
342
352
356
357
359
366
369
37
373
374
383
384
393
399
4
407
413
415
421
428
433
437
439
446
448
450
453
454
460
466
469
477
486
498
5
532
537
546
555
57
576
577
581
593
597
6
602
61
620
621
622
636
640
672
673
675
688
695
7
701
708
715
716
738
75
755
756
757
762
81
82
827
844
847
85
851
852
88
89
9
902
913
917
92
928
929
934
936
938
96
989
99
996
